 10   3.000 
 60   20.000 
 110   39.000 
 160   50.000 
 210   67.000 
 260   80.000 
 310   109.000 
 360   98.000 
 410   92.000 
 460   135.000 
 510   128.000 
 560   59.000 
 610   56.000 
 660   74.000 
 710   74.000 
 760   80.000 
 810   83.000 
 860   234.000 
 910   250.000 
 960   241.000 
 1010   277.000 
 1060   284.000 
 1110   303.000 
 1160   316.000 
 1210   259.000 
 1260   113.000 
 1310   129.000 
 1360   108.000 
 1410   114.000 
 1460   117.000 
 1510   133.000 
 1560   288.000 
 1610   427.000 
 1660   353.000 
 1710   389.000 
 1760   200.000 
 1810   146.000 
 1860   144.000 
 1910   152.000 
 1960   209.000 
 2010   490.000 
 2060   530.000 
 2110   514.000 
 2160   581.000 
 2210   599.000 
 2260   552.000 
 2310   527.000 
 2360   622.000 
 2410   612.000 
 2460   654.000 
 2510   307.000 
 2560   199.000 
 2610   203.000 
 2660   214.000 
 2710   544.000 
 2760   729.000 
 2810   341.000 
 2860   237.000 
 2910   223.000 
 2960   223.000 
 3010   228.000 
 3060   235.000 
 3110   240.000 
 3160   426.000 
 3210   795.000 
 3260   870.000 
 3310   864.000 
 3360   770.000 
 3410   877.000 
 3460   608.000 
