 1   0.000 
 1001   0.000 
 2001   0.000 
 3001   1.000 
 4001   1.000 
 5001   2.000 
 6001   3.000 
 7001   2.000 
 8001   3.000 
 9001   3.000 
 10001   3.000 
 11001   4.000 
 12001   4.000 
 13001   5.000 
 14001   6.000 
 15001   6.000 
 16001   7.000 
 17001   7.000 
 18001   7.000 
 19001   8.000 
 20001   9.000 
 21001   9.000 
 22001   10.000 
 23001   10.000 
 24001   10.000 
 25001   10.000 
 26001   11.000 
 27001   12.000 
 28001   12.000 
 29001   12.000 
 30001   13.000 
 31001   14.000 
 32001   14.000 
 33001   14.000 
 34001   15.000 
 35001   16.000 
 36001   16.000 
 37001   16.000 
 38001   17.000 
 39001   18.000 
 40001   19.000 
 41001   18.000 
 42001   20.000 
 43001   21.000 
 44001   19.000 
 45001   21.000 
 46001   20.000 
 47001   21.000 
 48001   22.000 
 49001   22.000 
 50001   23.000 
 51001   23.000 
 52001   24.000 
 53001   24.000 
 54001   24.000 
 55001   25.000 
 56001   25.000 
 57001   26.000 
 58001   27.000 
 59001   27.000 
 60001   27.000 
 61001   28.000 
 62001   29.000 
 63001   30.000 
 64001   30.000 
 65001   30.000 
 66001   33.000 
 67001   31.000 
 68001   31.000 
 69001   32.000 
 70001   32.000 
 71001   34.000 
 72001   34.000 
 73001   34.000 
 74001   35.000 
 75001   35.000 
 76001   36.000 
 77001   37.000 
 78001   37.000 
 79001   38.000 
 80001   38.000 
 81001   38.000 
 82001   39.000 
 83001   39.000 
 84001   40.000 
 85001   41.000 
 86001   42.000 
 87001   42.000 
 88001   42.000 
 89001   43.000 
 90001   43.000 
 91001   44.000 
 92001   45.000 
 93001   45.000 
 94001   45.000 
 95001   46.000 
 96001   46.000 
 97001   47.000 
 98001   49.000 
 99001   48.000 
